SelectROI
ROI-type,Rectangle,Roi-ID,1,polyLineRadius,8
Rect,10,10.66667,24.66667,22.66667
bgROI
ROI-type,Rectangle,Roi-ID,0,polyLineRadius,8
Rect,0,0,0,0
MultiROI
ROI-type,Polygon,Roi-ID,1,polyLineRadius,8
X,72.11527,61.23343,61.41787,75.80402,65.84438,59.94236,42.42075,40.20749,51.82709,60.1268,68.79539,72.11527
Y,54.59366,44.44956,36.51873,25.82133,27.29683,32.82997,33.56772,40.57637,51.27377,51.45821,65.29106,54.59366
ROI-type,Polygon,Roi-ID,2,polyLineRadius,8
X,117.6715,100.1499,101.2565,118.0403,117.6715
Y,49.42939,37.44092,31.72334,25.45245,49.42939
ROI-type,Polygon,Roi-ID,3,polyLineRadius,8
X,98.69643,88.92123,95.19212,109.3938,98.69643
Y,92.55235,87.38811,67.65323,91.63017,92.55235
ROI-type,Polygon,Roi-ID,5,polyLineRadius,8
X,59.94236,48.5072,30.43228,30.43228,38.17867,47.0317,59.94236
Y,81.92603,77.68396,71.04419,87.27474,92.439,99.44765,81.92603
ROI-type,Polygon,Roi-ID,6,polyLineRadius,8
X,47.76945,36.14986,28.77233,28.77233,30.80115,37.25648,44.634,47.76945
Y,103.6542,113.9827,101.072,91.11239,88.89913,92.77233,98.12103,103.6542
ROI-type,Polygon,Roi-ID,7,polyLineRadius,8
X,49.2805,37.84535,30.8367,21.79923,17.18829,10.91739,8.335257,13.68396,24.66667,34.52546,38.95198,47.62057,52.78483,49.2805
Y,67.36216,60.53794,51.50048,47.62729,45.78291,48.54948,42.8319,38.58982,40.66667,41.72527,40.80308,50.39386,54.82037,67.36216
ROI-type,Polygon,Roi-ID,8,polyLineRadius,8
X,29.87896,11.6196,0,0,8.299711,13.46398,17.52161,22.50144,30.0634,34.12104,29.87896
Y,68.05763,56.2536,65.29106,56.06916,47.76945,46.84726,46.47839,47.40057,51.08934,57.7291,68.05763
ROI-type,Polygon,Roi-ID,9,polyLineRadius,8
X,33.75216,17.70605,0.7377521,0.1844381,33.75216
Y,127.2623,110.4784,121.5447,127.2623,127.2623
ROI-type,Polygon,Roi-ID,10,polyLineRadius,8
X,40.57637,33.75216,27.85014,40.02305,47.40057,59.94236,61.78674,40.57637
Y,127.6311,126.5245,118.5937,113.0605,106.9741,116.7493,119.147,127.6311
ROI-type,Polygon,Roi-ID,11,polyLineRadius,8
X,88.34582,77.46397,63.26225,66.951,73.77522,81.89049,88.53026,88.16138,96.82997,94.0634,88.34582
Y,46.47839,42.78962,42.78962,34.67435,29.32565,27.11239,25.82133,17.52161,22.50144,34.48991,46.47839
ROI-type,Polygon,Roi-ID,12,polyLineRadius,8
X,49.61383,48.69164,68.05763,72.66859,64.36887,57.17579,53.67147,49.61383
Y,27.6657,16.59942,18.62824,23.23919,26.92795,31.90778,30.80115,27.6657
ROI-type,Rectangle,Roi-ID,13,polyLineRadius,8
Rect,75,107.3333,23.66667,15
ROI-type,Rectangle,Roi-ID,14,polyLineRadius,8
Rect,10,10.66667,24.66667,22.66667
